1493391798
1493390016
1493388690
1493388371
1493387951
1493387876
1493387527
1493387517
1493387098
1493387028
1493386642
1493386384
1493386377
1493385276
1493385005
1493384927
1493384770
1493384732
1493384662
1493384615
1493384003
1493383951
1493383231
1493383117
1493382594
1493382479
1493382238
1493382101
1493381805
1493381687
1493381596
1493381469
1493381081
1493380995
1493380833
1493380769
1493380532
1493380515
1493380501
1493380476
1493380462
1493380372
1493380202
1493380138
1493380120
1493380022
1493379932
1493379928
1493379831
1493379802
1493379660
1493379591
1493379588
1493379506
1493379489
1493379019
1493378847
1493378736
1493378722
1493378694
1493378580
1493378543
1493378505
1493378369
1493378169
1493378102
1493378039
1493377819
1493377786
1493377761
1493377758
1493377734
1493377513
1493377359
1493376962
1493376930
1493376872
1493376795
1493376717
1493376142
1493376108
1493375800
1493375757
1493375527
1493375459
1493375402
1493375394
1493375345
1493375286
1493374805
1493374656
1493374616
1493374425
1493374330
1493374124
1493374121
1493373978
1493373885
1493373647
1493373615
1493373367
1493373148
1493372336
1493371208
1493371024
1493369583
1493369258
1493369027
1493368622
1493368605
1493368225
1493368151
1493367780
1493367556
1493367404
1493366888
1493366874
1493366549
1493366373
1493366254
1493366088
1493365920
1493365833
1493365512
1493365390
1493365212
1493365067
1493364989
1493364866
1493364617
1493364574
1493364545
1493364358
1493364148
1493364103
1493363974
1493363794
1493363554
1493363541
1493363507
1493363462
1493363056
1493362906
1493362862
1493362776
1493362575
1493362403
1493362378
1493362361
1493362164
1493362051
1493362033
1493362008
1493361912
1493361800
1493361743
1493361506
1493361486
1493361132
1493361115
1493361063
1493360951
1493360929
1493360893
1493360760
1493360573
1493360422
1493360399
1493360383
1493360381
1493360338
1493360301
1493360277
1493359712
1493359655
1493359590
1493359543
1493359137
1493359031
1493358867
1493358809
1493358685
1493358625
1493358411
1493358400
1493358316
1493357865
1493357731
1493357716
1493357669
1493357457
1493357410
1493356656
1493356412
1493356178
1493356051
1493355753
1493355700
1493355495
1493355086
1493354861
1493354633
1493354382
1493354240
1493354181
1493353897
1493353806
1493353732
1493353107
1493353097
1493341178
1493321818
1493309925
1493303416
1493303134
1493302873
1493302425
1493302335
1493301718
1493301667
1493301330
1493301321
1493301079
1493300453
1493300328
1493299969
1493299923
1493299731
1493299718
1493299638
1493299617
1493299346
1493299300
1493299016
1493298926
1493298784
1493298548
1493298483
1493298474
1493298436
1493298415
1493298404
1493297950
1493297884
1493297827
1493297665
1493297417
1493297406
1493297344
1493297327
1493297327
1493297222
1493296910
1493296376
1493296130
1493296106
1493295457
1493295069
1493295021
1493295017
1493294933
1493294751
1493294535
1493294326
1493294299
1493294134
1493294072
1493293719
1493293718
1493293618
1493293601
1493293046
1493293026
1493292870
1493292798
1493292749
1493292619
1493292449
1493292321
1493292263
1493292172
1493292139
1493291987
1493291919
1493291750
1493291695
1493291438
1493291387
1493291151
1493291105
1493291009
1493290921
1493290827
1493290804
1493290704
1493290464
1493290399
1493290284
1493290238
1493290152
1493290087
1493290047
1493290011
1493289861
1493289813
1493289777
1493289614
1493289509
1493289425
1493289333
1493289257
1493289247
1493289108
1493289098
1493289084
1493289072
1493288800
1493288791
1493288732
1493288726
1493288560
1493288526
1493288288
1493288168
1493288008
1493287948
1493287918
1493287842
1493287830
1493287467
1493287356
1493287322
1493287221
1493286860
1493286755
1493286607
1493286423
1493286359
1493285398
1493285228
1493284233
1493284193
1493283806
1493283210
1493283041
1493282539
1493282336
1493282245
1493282116
1493281959
1493281897
1493281749
1493281321
1493281292
1493281229
1493281063
1493280885
1493280400
1493280370
1493279913
1493279869
1493279707
1493279634
1493279529
1493279460
1493279346
1493279301
1493279162
1493279136
1493279004
1493278852
1493278713
1493278649
1493278499
1493278474
1493278387
1493278059
1493277755
1493277594
1493277313
1493276674
1493276632
1493276390
1493276328
1493275976
1493275512
1493275024
1493274161
1493274079
1493273800
1493273656
1493273301
1493273010
1493272740
1493272702
1493272511
1493272149
1493271941
1493271641
1493271550
1493271507
1493271274
1493271184
1493270750
1493270750
1493270355
1493270350
1493270111
1493269680
1493269512
1493269323
1493268634
1493268353
1493268210
1493267600
1493265778
1493225825
1493223314
1493222999
1493222359
1493220742
1493219764
1493218845
1493217759
1493217700
1493217461
1493216863
1493216718
1493215687
1493215672
1493215416
1493214930
1493214677
1493214583
1493214547
1493214427
1493214321
1493213846
1493213743
1493213668
1493213391
1493212977
1493212943
1493212921
1493212521
1493212425
1493212188
1493211821
1493211583
1493211303
1493210874
1493210513
1493210304
1493209939
1493209468
1493209453
1493209329
1493209325
1493209010
1493208712
1493208705
1493208677
1493208447
1493208446
1493208305
1493208136
1493208066
1493208061
1493207863
1493207539
1493207397
1493207372
1493207176
1493207054
1493207053
1493206789
1493206414
1493206310
1493206125
1493205687
1493205654
1493205495
1493205436
1493205431
1493205087
1493204740
1493204731
1493204730
1493204688
1493204654
1493204540
1493204009
1493203965
1493203928
1493203886
1493203881
1493203638
1493203498
1493202962
1493202920
1493202786
1493202703
1493202641
1493202258
1493202174
1493201999
1493201710
1493201462
1493201411
1493200927
1493200925
1493200774
1493200599
1493200513
1493200320
1493197937
1493196860
1493196180
1493196074
1493195544
1493195430
1493195429
1493195073
1493195045
1493194713
1493194471
1493194418
1493194235
1493193855
1493193667
1493193586
1493193541
1493193534
1493193475
1493193388
1493193191
1493192903
1493192849
1493192825
1493192464
1493192153
1493192146
1493192137
1493191885
1493191810
1493191575
1493191553
1493191380
1493190970
1493190837
1493190734
1493190583
1493190580
1493190538
1493190392
1493190366
1493190258
1493190015
1493189916
1493189840
1493189711
1493189688
1493189592
1493189578
1493189441
1493189040
1493188959
1493188889
1493188679
1493188612
1493188558
1493188450
1493188002
1493187894
1493187563
1493187293
1493187001
1493186895
1493186601
1493186539
1493186268
1493185568
1493185085
1493184498
1493184240
1493183690
1493183581
1493183123
1493182623
1493182130
1493181284
1493180511
1493144974
1493137281
1493136787
1493136412
1493134749
1493133861
1493133200
1493132539
1493132256
1493131787
1493131680
1493131042
1493130466
1493130331
1493129358
1493129293
1493129271
1493129060
1493128839
1493128735
1493128565
1493128533
1493128482
1493127520
1493127232
1493126782
1493126766
1493126486
1493126414
1493126239
1493125776
1493125753
1493125673
1493125487
1493125125
1493124939
1493124925
1493124581
1493124516
1493124462
1493123532
1493123005
1493122936
1493122934
1493122877
1493122863
1493122463
1493122442
1493122214
1493121967
1493121949
1493121393
1493121301
1493121297
1493121208
1493121194
1493120651
1493120583
1493120533
1493120420
1493120288
1493120145
1493120023
1493119865
1493119682
1493119628
1493119312
1493119201
1493118897
1493118746
1493118711
1493118703
1493118642
1493118455
1493118399
1493118321
1493118142
1493118124
1493118115
1493117889
1493117871
1493117558
1493117494
1493117384
1493117276
1493116883
1493116772
1493116755
1493116355
1493116085
1493115911
1493115640
1493115563
1493115492
1493115277
1493115247
1493114251
1493114117
1493114029
1493111889
1493111129
1493110917
1493110153
1493109779
1493109618
1493109355
1493108958
1493108816
1493108392
1493108379
1493108065
1493107947
1493107795
1493107736
1493107670
1493107518
1493107297
1493106690
1493106652
1493106553
1493106157
1493105973
1493105930
1493105919
1493105881
1493105582
1493105490
1493105482
1493105370
1493105344
1493105133
1493105008
1493104962
1493104722
1493104641
1493104615
1493104613
1493104609
1493104361
1493103935
1493103908
1493103831
1493103641
1493103489
1493103438
1493103436
1493102956
1493102922
1493102754
1493102746
1493102577
1493102060
1493102047
1493101831
1493101640
1493101145
1493101117
1493100862
1493100821
1493100474
1493100418
1493099659
1493099452
1493099313
1493098989
1493098951
1493098366
1493098365
1493097984
1493097892
1493097495
1493097239
1493096812
1493096218
1493095423
1493094722
1493092776
1493080288
1493075706
1493046143
1493045565
1493044457
1493044394
1493044257
1493043859
1493043554
1493043452
1493042920
1493042429
1493042354
1493042310
1493042216
1493042019
1493041730
1493041716
1493041633
1493040976
1493040817
1493040739
1493040683
1493040653
1493040620
1493040521
1493039770
1493039687
1493039614
1493039457
1493039419
1493039270
1493039205
1493039086
1493039022
1493038889
1493038641
1493038622
1493038568
1493038492
1493037726
1493037710
1493037701
1493037304
1493037039
1493036663
1493036503
1493036238
1493036133
1493034578
1493034010
1493033939
1493033805
1493033654
1493033205
1493033103
1493032146
1493031989
1493031696
1493031623
1493031052
1493030855
1493030680
1493030577
1493030482
1493030461
1493030435
1493030189
1493030010
1493029856
1493029804
1493029755
1493029233
1493029166
1493029019
1493028906
1493028839
1493028496
1493028326
1493028254
1493028235
1493027880
1493027805
1493026327
1493025842
1493023646
1493023596
1493023270
1493023177
1493022835
1493022698
1493022418
1493022352
1493022345
1493021992
1493021891
1493021609
1493021449
1493021427
1493021109
1493020535
1493020468
1493020429
1493020026
1493019994
1493019881
1493019816
1493019756
1493019608
1493019206
1493019058
1493018758
1493018641
1493018382
1493018338
1493018208
1493018044
1493017408
1493017361
1493017247
1493016891
1493016817
1493016754
1493016683
1493016362
1493016210
1493015944
1493015902
1493015895
1493015374
1493015265
1493015053
1493014886
1493014611
1493014579
1493014535
1493014328
1493014203
1493014147
1493013666
1493013180
1493013098
1493012893
1493012459
1493012343
1493012162
1493010834
1493010285
1493009294
1493007890
1493005738
1492895542
1492874243
1492874088
1492873681
1492873488
1492872934
1492872889
1492871746
1492871561
1492871066
1492870744
1492870613
1492869749
1492869009
1492868709
1492865222
1492864773
1492864672
1492863162
1492863056
1492862447
1492862065
1492862031
1492861608
1492861601
1492861118
1492860913
1492860675
1492860502
1492860377
1492859981
1492859319
1492858772
1492858339
1492858052
1492857912
1492857369
1492856908
1492856242
1492856213
1492855715
1492850756
1492850742
1492850217
1492849497
1492849367
1492848471
1492848429
1492847997
1492847636
1492847588
1492846710
1492845590
1492844975
1492844677
1492844483
1492844442
1492843918
1492843274
1492841755
1492836093
1492788206
1492786725
1492785731
1492785488
1492784261
1492784252
1492783786
1492783662
1492782840
1492782815
1492782602
1492782392
1492782219
1492782090
1492781238
1492781192
1492781028
1492780662
1492780652
1492780557
1492779854
1492779531
1492779390
1492779069
1492778855
1492778371
1492778285
1492777512
1492777350
1492776827
1492776777
1492776516
1492776414
1492776199
1492776137
1492775922
1492775903
1492775861
1492775777
1492775459
1492775454
1492775405
1492775395
1492775132
1492775115
1492774909
1492774068
1492773971
1492773720
1492773717
1492773685
1492773548
1492773385
1492773273
1492772935
1492772710
1492772706
1492772673
1492772458
1492772265
1492772261
1492772172
1492772152
1492772019
1492771880
1492771836
1492771699
1492771673
1492771421
1492771334
1492771321
1492771098
1492770902
1492770880
1492770863
1492770480
1492770192
1492769992
1492769954
1492769824
1492769790
1492769684
1492769650
1492769340
1492769141
1492769080
1492768721
1492768605
1492768559
1492766642
1492766192
1492764419
1492764367
1492764179
1492764077
1492763958
1492763874
1492763775
1492763503
1492763291
1492762976
1492762824
1492762685
1492762545
1492762501
1492762334
1492761984
1492761707
1492761667
1492761664
1492761562
1492761529
1492761515
1492760992
1492760468
1492760464
1492760332
1492760225
1492760085
1492759715
1492759674
1492759596
1492759336
1492759301
1492759279
1492759203
1492758882
1492758835
1492758834
1492758645
1492758412
1492758292
1492758239
1492758140
1492758120
1492757952
1492757832
1492757664
1492757583
1492757557
1492757434
1492757179
1492757083
1492756711
1492756614
1492756590
1492756489
1492756356
1492756056
1492755628
1492755617
1492755595
1492754890
1492754849
1492754794
1492754171
1492754080
1492754061
1492753668
1492753417
1492753250
1492753198
1492753028
1492752880
1492752719
1492752301
1492751962
1492751774
1492751232
1492750879
1492750474
1492750223
1492750080
1492749325
1492749121
1492717147
1492716183
1492711143
1492709294
1492708593
1492707724
1492707568
1492706220
1492705588
1492704678
1492698702
1492697812
1492697534
1492697153
1492696949
1492696518
1492695815
1492695293
1492695250
1492695018
1492694850
1492694841
1492694230
1492694197
1492693860
1492693462
1492693452
1492693266
1492693241
1492692998
1492692650
1492692625
1492692616
1492692383
1492692355
1492691884
1492691807
1492691724
1492691187
1492690785
1492690514
1492690448
1492690178
1492689934
1492689707
1492689483
1492689365
1492689221
1492689206
1492689168
1492688771
1492688552
1492688392
1492688325
1492688279
1492688167
1492687721
1492687534
1492687532
1492687178
1492687151
1492687001
1492686838
1492686814
1492686468
1492686192
1492686057
1492685911
1492685542
1492685443
1492685350
1492685296
1492684898
1492684789
1492684407
1492684369
1492684333
1492684300
1492684141
1492684066
1492683701
1492683573
1492683315
1492683141
1492683059
1492683039
1492682911
1492682845
1492682671
1492682483
1492682412
1492682279
1492678780
1492678672
1492678043
1492677862
1492677705
1492676945
1492676845
1492676761
1492676531
1492676449
1492676343
1492676323
1492676269
1492676032
1492676002
1492675971
1492675970
1492675833
1492675606
1492675211
1492675136
1492674896
1492674684
1492674592
1492674551
1492674528
1492674475
1492674207
1492674204
1492673957
1492673793
1492673689
1492673502
1492673433
1492672577
1492672532
1492672253
1492671749
1492671648
1492671591
1492671564
1492671462
1492671234
1492671089
1492671004
1492670805
1492670214
1492670103
1492669933
1492669636
1492669422
1492669274
1492669142
1492669110
1492668383
1492668248
1492667240
1492666520
1492666321
1492665592
1492663895
1492663573
1492663374
1492663262
1492662720
1492662342
1492660237
1492641604
1492641561
1492618138
1492616571
1492615644
1492612028
1492611850
1492611733
1492611496
1492611294
1492611073
1492610986
1492610719
1492610615
1492610374
1492610167
1492609860
1492609859
1492609814
1492609692
1492609345
1492609310
1492609203
1492608902
1492608841
1492608613
1492608265
1492608256
1492608187
1492608090
1492607984
1492607830
1492607255
1492607107
1492607034
1492606731
1492606564
1492606437
1492606327
1492606160
1492606020
1492605954
1492605895
1492605768
1492605396
1492605344
1492605256
1492605211
1492605156
1492604795
1492604657
1492604630
1492603886
1492603363
1492603028
1492602991
1492602776
1492602746
1492602629
1492602579
1492602383
1492602367
1492601751
1492601733
1492601732
1492601568
1492601398
1492601364
1492601232
1492600759
1492600620
1492600328
1492600327
1492600243
1492600135
1492600092
1492599997
1492599649
1492599544
1492599441
1492599406
1492599190
1492599119
1492599112
1492598458
1492598407
1492598345
1492598276
1492598049
1492597997
1492597962
1492597828
1492597657
1492597625
1492597420
1492597107
1492596777
1492596732
1492596572
1492596298
1492596174
1492596150
1492596012
1492595943
1492595768
1492595668
1492595589
1492595009
1492594711
1492594165
1492593827
1492593730
1492592890
1492592416
1492592312
1492591557
1492591472
1492591394
1492591263
1492591255
1492590785
1492590709
1492590589
1492590406
1492589841
1492589413
1492589332
1492588956
1492588825
1492588797
1492588637
1492588566
1492588256
1492588129
1492587828
1492587751
1492587442
1492587176
1492587093
1492587045
1492586835
1492586702
1492586352
1492585671
1492585671
1492585658
1492585270
1492584716
1492584671
1492584570
1492584331
1492584003
1492583757
1492583239
1492583221
1492583099
1492582927
1492582905
1492582721
1492582403
1492582322
1492582086
1492581852
1492581637
1492581269
1492581244
1492580770
1492580765
1492580475
1492580310
1492579952
1492579831
1492579200
1492578689
1492577893
1492577726
1492577368
1492575929
1492575724
1492575253
1492571881
1492569709
1492551502
1492546717
1492545564
1492539094
1492538859
1492538736
1492538407
1492533634
1492532454
1492531234
1492530681
1492529688
1492529505
1492528750
1492527370
1492525665
1492525515
1492524965
1492524787
1492524583
1492524428
1492524345
1492524174
1492524059
1492523685
1492523640
1492523577
1492523040
1492522970
1492522624
1492522408
1492522260
1492521795
1492521207
1492520928
1492520808
1492520425
1492520374
1492520321
1492519754
1492519419
1492519109
1492518910
1492518231
1492517878
1492517648
1492516904
1492516838
1492516672
1492516663
1492516633
1492516485
1492516175
1492516162
1492516070
1492515896
1492515666
1492515558
1492515485
1492515219
1492514952
1492514938
1492514931
1492514929
1492514753
1492514374
1492514195
1492514068
1492513783
1492513748
1492513625
1492513482
1492513227
1492513049
1492512941
1492512818
1492512685
1492512556
1492512540
1492512355
1492512274
1492512034
1492512003
1492511764
1492511715
1492511497
1492511169
1492511098
1492511043
1492510738
1492510130
1492509992
1492509721
1492509245
1492509215
1492506688
1492505840
1492505747
1492504974
1492504583
1492504552
1492504374
1492504100
1492503447
1492503147
1492502648
1492502594
1492502517
1492502389
1492502236
1492502127
1492501879
1492501748
1492501475
1492501347
1492501256
1492501093
1492500842
1492500590
1492500544
1492500159
1492500147
1492500006
1492499913
1492499832
1492499616
1492499414
1492499295
1492499138
1492498897
1492498698
1492498692
1492498274
1492498082
1492498067
1492497996
1492497848
1492497782
1492497398
1492497345
1492497110
1492496587
1492496492
1492496303
1492496282
1492496219
1492496129
1492495922
1492495883
1492495825
1492495803
1492495508
1492495440
1492495304
1492494672
1492493748
1492491286
1492490467
1492490434
1492490420
1492489776
1492486854
1492470104
1492459407
1492456766
1492456441
1492456181
1492456178
1492455911
1492450000
1492449230
1492448222
1492447828
1492447101
1492445633
1492444879
1492444282
1492443672
1492442610
1492438233
1492437574
1492435449
1492435065
1492433423
1492433411
1492433402
1492432531
1492432282
1492432261
1492431887
1492431680
1492431354
1492430602
1492429560
1492429502
1492429445
1492428964
1492428533
1492428330
1492428217
1492428079
1492427973
1492427904
1492427841
1492427598
1492427591
1492427307
1492426824
1492426806
1492426695
1492426553
1492426444
1492426406
1492426402
1492425987
1492425761
1492425648
1492425537
1492425476
1492425065
1492424972
1492424684
1492424540
1492424502
1492424155
1492424062
1492423162
1492423113
1492423078
1492422997
1492422280
1492422007
1492421351
1492420583
1492420261
1492419524
1492418155
1492418119
1492417330
1492417321
1492416806
1492416195
1492416050
1492415892
1492415836
1492415518
1492415493
1492415197
1492415123
1492414512
1492414269
1492414207
1492413250
1492413245
1492413134
1492413095
1492412826
1492412326
1492412057
1492411671
1492411478
1492411367
1492411351
1492411318
1492410406
1492410260
1492410155
1492409564
1492409200
1492409128
1492408492
1492408459
1492408146
1492407911
1492407185
1492406830
1492406142
1492405885
1492405569
1492405435
1492405195
1492405083
1492404337
1492232738
1492229074
1492218766
1492218724
1492218678
1492217444
1492216217
1492214215
1492210698
1492186191
1492177889
1492177610
1492177276
1492176386
1492175547
1492172623
1492172121
1492171172
1492170534
1492170375
1492169420
1492169338
1492168485
1492168149
1492167631
1492167039
1492166862
1492166492
1492166360
1492165717
1492165483
1492164911
1492163131
1492163122
1492162767
1492162251
1492161323
1492160735
1492159960
1492159758
1492159195
1492157980
1492156412
1492156411
1492155727
1492155167
1492153866
1492153183
1492153116
1492152476
1492152262
1492150921
1492150834
1492150434
1492150409
1492150282
1492149714
1492149626
1492149160
1492147639
1492146544
1492146477
1492146165
1492145772
1492145695
1492145462
1492144988
1492144534
1492144461
1492143321
1492107003
1492090329
1492088252
1492087815
1492087643
1492087636
1492087334
1492086135
1492085933
1492085811
1492085604
1492084910
1492084861
1492084753
1492084705
1492084573
1492084272
1492084164
1492083546
1492083502
1492083443
1492083238
1492083153
1492083086
1492083006
1492082725
1492082682
1492082334
1492082205
1492082131
1492081921
1492081909
1492081674
1492081639
1492081631
1492081503
1492080949
1492080946
1492080746
1492080673
1492080257
1492079679
1492079644
1492079434
1492079431
1492078981
1492078708
1492078666
1492078513
1492077547
1492077433
1492077424
1492077409
1492076701
1492076124
1492076064
1492075555
1492075367
1492074028
1492073808
1492072847
1492072599
1492071851
1492071171
1492070938
1492070542
1492070233
1492070222
1492069875
1492069808
1492069448
1492069399
1492069227
1492068938
1492068816
1492067924
1492067746
1492067439
1492067429
1492066868
1492066560
1492066472
1492065598
1492064532
1492063640
1492063632
1492062434
1492061582
1492060076
1492059300
1492057605
1492056326
1492030906
1492029938
1492029833
1492019762
1492012496
1492012084
1492011402
1492009937
1492008373
1492007805
1492007447
1492006961
1492004934
1492004681
1492004256
1492003734
1492003581
1492003190
1492003115
1492003035
1492002985
1492002526
1492001994
1492001981
1492001920
1492001628
1492001404
1492001379
1492000717
1492000580
1492000574
1492000523
1492000163
1491999833
1491999750
1491999630
1491999066
1491998704
1491998573
1491998375
1491998333
1491998164
1491998084
1491997713
1491997501
1491997236
1491997225
1491997114
1491997099
1491996562
1491996345
1491996336
1491996298
1491996101
1491995473
1491994901
1491994536
1491994490
1491994296
1491993905
1491993530
1491993272
1491992661
1491992391
1491992334
1491992026
1491991494
1491991369
1491991271
1491991141
1491990333
1491989936
1491989375
1491988628
1491987996
1491986821
1491986730
1491986539
1491985886
1491985722
1491985653
1491985342
1491984404
1491984112
1491983927
1491983717
1491983612
1491983570
1491983480
1491983011
1491982958
1491982705
1491982568
1491982547
1491982262
1491982100
1491982022
1491981991
1491981926
1491981585
1491981256
1491981147
1491980890
1491980864
1491980847
1491980827
1491980549
1491980471
1491980432
1491980328
1491980220
1491980079
1491979836
1491979784
1491979660
1491979579
1491979309
1491979042
1491979005
1491978965
1491978883
1491978815
1491978546
1491978384
1491978289
1491978256
1491978160
1491977973
1491977871
1491977702
1491977512
1491977265
1491977002
1491976826
1491976686
1491976620
1491976588
1491976468
1491976305
1491976286
1491976130
1491976120
1491975798
1491975737
1491975531
1491975269
1491974982
1491974980
1491974429
1491974046
1491974005
1491973804
1491973789
1491973559
1491973411
1491973135
1491973023
1491972905
1491972868
1491972818
1491972255
1491972186
1491971939
1491971205
1491936626
1491933583
1491932948
1491932791
1491918160
1491917818
1491916794
1491916761
1491916250
1491916119
1491915877
1491915841
1491914972
1491914854
1491913953
1491913940
1491913540
1491913402
1491912658
1491912240
1491912202
1491912163
1491911968
1491911641
1491911066
1491910597
1491910295
1491909201
1491908690
1491908221
1491908140
1491908032
1491907891
1491907514
1491907415
1491906692
1491906339
1491906332
1491906119
1491905006
1491904596
1491900455
1491900333
1491900060
1491899941
1491899897
1491899543
1491899217
1491899082
1491898912
1491898632
1491898196
1491898138
1491898049
1491897814
1491897699
1491897410
1491897349
1491896997
1491896862
1491896787
1491896524
1491896389
1491896227
1491895992
1491895952
1491895787
1491895434
1491895358
1491895353
1491895341
1491895278
1491894878
1491894805
1491894792
1491894138
1491893932
1491893804
1491893590
1491893015
1491892741
1491892453
1491892414
1491892118
1491892023
1491891858
1491891735
1491891517
1491891199
1491891005
1491890891
1491890738
1491890674
1491890617
1491890247
1491889923
1491889812
1491889618
1491889355
1491889325
1491889249
1491889025
1491888686
1491888509
1491888389
1491887883
1491887870
1491887830
1491887238
1491886393
1491885891
1491885680
1491885573
1491885349
1491885021
1491881989
1491881739
1491881579
1491881492
1491881213
1491868220
1491856255
1491856087
1491852728
1491848221
1491835765
1491834270
1491833980
1491833940
1491833824
1491833285
1491832096
1491831618
1491830836
1491830408
1491830390
1491830285
1491829841
1491829783
1491829529
1491829384
1491829232
1491829039
1491828816
1491828622
1491828467
1491828262
1491827878
1491826783
1491826685
1491826655
1491826313
1491826151
1491826122
1491826067
1491825917
1491825755
1491825691
1491825646
1491825251
1491825031
1491825011
1491824908
1491824867
1491824621
1491824587
1491824574
1491824487
1491824461
1491824359
1491824024
1491823640
1491823301
1491823147
1491823145
1491822696
1491822693
1491822680
1491822394
1491822236
1491822226
1491822225
1491821796
1491821651
1491821577
1491821410
1491821286
1491821214
1491821197
1491821164
1491821060
1491820756
1491820729
1491820541
1491820392
1491820364
1491820100
1491819853
1491819688
1491819686
1491819559
1491818983
1491818823
1491818083
1491817402
1491817303
1491817170
1491817131
1491817051
1491817009
1491816907
1491816890
1491816866
1491816858
1491816813
1491814875
1491814606
1491813669
1491813356
1491813010
1491812672
1491812503
1491812271
1491812185
1491811779
1491811629
1491811552
1491811463
1491811142
1491810984
1491810948
1491810578
1491810532
1491810220
1491810201
1491810174
1491809677
1491809356
1491809280
1491808966
1491808741
1491808528
1491808253
1491808250
1491808149
1491807685
1491807619
1491807403
1491807352
1491807352
1491807297
1491807262
1491806952
1491806652
1491806563
1491806273
1491805810
1491805748
1491805005
1491804787
1491804722
1491804120
1491804036
1491803683
1491803557
1491802870
1491802838
1491802454
1491802113
1491801851
1491801527
1491801392
1491801265
1491800917
1491800855
1491800292
1491799809
1491798463
1491782470
1491766363
1491657588
1491656954
1491656352
1491655445
1491654582
1491653092
1491653010
1491652804
1491651835
1491651460
1491651184
1491650877
1491650852
1491650029
1491649309
1491648302
1491648096
1491646529
1491646502
1491641740
1491641693
1491641246
1491640700
1491639909
1491639672
1491639424
1491639279
1491639147
1491638683
1491638479
1491637780
1491636839
1491634498
1491633996
1491633016
1491632618
1491632045
1491631686
1491630950
1491630537
1491630072
1491628847
1491628385
1491628055
1491627613
1491626864
1491626272
1491625483
1491580193
1491579617
1491578616
1491571678
1491570904
1491570204
1491569575
1491567715
1491567679
1491566888
1491566355
1491565803
1491565683
1491565560
1491564723
1491564208
1491563962
1491563662
1491562154
1491561887
1491560524
1491560245
1491559863
1491559390
1491559358
1491559149
1491559130
1491558828
1491558778
1491558539
1491557555
1491557428
1491556953
1491555622
1491554440
1491554008
1491553259
1491551925
1491545848
1491543153
1491542969
1491542695
1491539649
1491539167
1491537879
1491531086
1491489975
1491485208
1491484715
1491481865
1491480656
1491480218
1491480039
1491479529
1491479374
1491479212
1491478908
1491478495
1491478017
1491477594
1491477575
1491477499
1491477033
1491475420
1491474703
1491474089
1491474000
1491472678
1491472301
1491471161
1491469991
1491468284
1491467868
1491467284
1491466869
1491466073
1491465429
1491465218
1491465217
1491464200
1491464027
1491463657
1491463448
1491463014
1491462795
1491462079
1491461814
1491461643
1491461290
1491460879
1491460650
1491460595
1491460442
1491459880
1491459644
1491459030
1491458236
1491458094
1491458078
1491457835
1491457182
1491457072
1491457045
1491456437
1491456344
1491456064
1491455912
1491455659
1491455065
1491454788
1491454381
1491453799
1491453557
1491450671
1491425321
1491423006
1491407005
1491406777
1491406246
1491404278
1491402900
1491401809
1491399449
1491398204
1491396162
1491395617
1491394854
1491394542
1491394456
1491393988
1491393655
1491393177
1491393148
1491392075
1491392068
1491391877
1491391704
1491391639
1491390721
1491389916
1491389231
1491388954
1491388633
1491388506
1491388484
1491387902
1491387184
1491387100
1491387019
1491386921
1491386848
1491386820
1491386498
1491386077
1491385909
1491385681
1491385539
1491385316
1491385197
1491385056
1491384941
1491384817
1491384708
1491384579
1491384397
1491384265
1491384144
1491384027
1491383622
1491383372
1491383156
1491382121
1491381717
1491380580
1491379390
1491378131
1491377450
1491377244
1491376587
1491376582
1491374993
1491372046
1491372000
1491371691
1491371467
1491371148
1491369968
1491369322
1491368435
1491365508
1491365103
1491363847
1491362377
1491319439
1491319312
1491318924
1491315888
1491315498
1491315319
1491314760
1491314252
1491313833
1491313673
1491313303
1491312674
1491312548
1491310778
1491310724
1491310234
1491309724
1491309361
1491308284
1491307278
1491307087
1491306105
1491305231
1491303587
1491303136
1491302832
1491302277
1491302180
1491300240
1491299983
1491294397
1491293207
1491292683
1491291798
1491291552
1491291197
1491291108
1491290141
1491289033
1491288341
1491288221
1491287759
1491287486
1491287323
1491286007
1491285204
1491284447
1491283549
1491283158
1491281254
1491236946
1491236812
1491236717
1491232442
1491231048
1491226814
1491226323
1491225976
1491225022
1491224941
1491224847
1491224187
1491223956
1491223775
1491223238
1491222678
1491220498
1491220451
1491218761
1491218605
1491217809
1491216613
1491215775
1491215028
1491214820
1491214163
1491214122
1491213913
1491213034
1491208330
1491208273
1491207495
1491205582
1491205567
1491204694
1491203399
1491200467
1491199938
1491199362
1491197857
1491197681
1491194487
1491147902
1491143223
1491128480
1491128225
1491021863
1491021533
1490994405
1490971675
1490969541
1490967489
1490967341
1490965841
1490965734
1490965684
1490962994
1490961604
1490960176
1490958667
1490958398
1490958193
1490957940
1490957608
1490957482
1490956871
1490956315
1490956091
1490955631
1490954785
1490953871
1490948932
1490948824
1490948654
1490947902
1490947797
1490947225
1490946757
1490946250
1490946031
1490945027
1490944172
1490942518
1490941761
1490941603
1490940512
1490940299
1490939547
1490939434
1490939393
1490938186
1490936945
1490935329
1490934229
1490934139
1490933462
1490931877
1490889233
1490889094
1490886132
1490885145
1490884714
1490884276
1490883840
1490883144
1490882243
1490882078
1490880119
1490879579
1490879462
1490879267
1490879226
1490878514
1490877275
1490876783
1490875805
1490875468
1490874090
1490873639
1490873209
1490871693
1490870999
1490869065
1490868940
1490867472
1490864594
1490863325
1490862068
1490861127
1490860824
1490860774
1490860764
1490860095
1490859182
1490858339
1490857960
1490856868
1490856799
1490855858
1490854544
1490854061
1490853990
1490852532
1490851548
1490851269
1490846086
1490842401
1490827959
1490822817
1490818105
1490798980
1490798249
1490797450
1490796184
1490792186
1490790935
1490790711
1490789381
1490787312
1490785891
1490785329
1490784531
1490784421
1490783011
1490782868
1490779811
1490773787
1490766631
1490765096
1490763767
1490757585
1490721801
1490711274
1490710512
1490710197
1490709744
1490708436
1490707405
1490707088
1490704649
1490703980
1490702972
1490702786
1490702230
1490701768
1490701751
1490699207
1490698972
1490698648
1490698204
1490696646
1490696508
1490696279
1490695626
1490695561
1490691110
1490690920
1490689711
1490689685
1490689367
1490688379
1490687699
1490687098
1490686976
1490686247
1490685235
1490684527
1490684252
1490684214
1490683883
1490683636
1490680816
1490680744
1490679412
1490679217
1490678420
1490678114
1490678105
1490677164
1490674620
1490646002
1490632356
1490626618
1490623683
1490615830
1490615432
1490614173
1490613153
1490612013
1490611923
1490610802
1490609464
1490604960
1490603627
1490602299
1490599069
1490596228
1490595528
1490593485
1490591377
1490572313
1490572115
1490513501
1490506295
1490445795
1490444709
1490442679
1490439538
1490438787
1490438263
1490437104
1490436664
1490435564
1490433095
1490432578
1490431348
1490428487
1490425080
1490419479
1490397534
1490391778
1490390938
1490389830
1490383592
1490383368
1490383143
1490367526
1490365702
1490363151
1490362201
1490360909
1490360643
1490360047
1490359477
1490356156
1490355881
1490354819
1490353852
1490353800
1490352445
1490350904
1490350098
1490348146
1490344798
1490342840
1490341766
1490341087
1490337892
1490337883
1490336967
1490336313
1490335644
1490334577
1490334368
1490334358
1490333841
1490333463
1490332771
1490331312
1490327525
1490282676
1490277259
1490274705
1490271514
1490270484
1490267951
1490266372
1490265292
1490264058
1490263274
1490261788
1490259433
1490258252
1490257265
1490251889
1490250946
1490249586
1490248890
1490248852
1490248726
1490248197
1490247713
1490246372
1490245065
1490229244
1490218351
1490214339
1490213390
1490212289
1490200289
1490197247
1490197163
1490194943
1490188362
1490185966
1490182431
1490181207
1490179710
1490178884
1490178267
1490176834
1490176424
1490172041
1490171968
1490171780
1490171299
1490170705
1490168109
1490167814
1490166065
1490165586
1490164611
1490164108
1490163633
1490162793
1490161980
1490160232
1490159416
1490158802
1490157753
1490156651
1490156135
1490132191
1490116648
1490116427
1490114796
1490113731
1490108412
1490105724
1490104599
1490102381
1490100776
1490100607
1490097213
1490095828
1490092663
1490092422
1490091826
1490090301
1490087395
1490086274
1490085753
1490085394
1490084462
1490082682
1490080931
1490078213
1490077837
1490077208
1490076594
1490076321
1490075457
1490074625
1490074150
1490074129
1490058917
1490055823
1490025473
1490024751
1490023666
1490022697
1490020469
1490018776
1490018170
1490017485
1490014587
1490013658
1490012116
1490011258
1490010962
1490010636
1490007975
1490006394
1490006174
1490005557
1490005079
1489997576
1489995850
1489995592
1489994962
1489992675
1489992336
1489991061
1489989709
1489989644
1489988113
1489867541
1489866694
1489866407
1489841467
1489825802
1489825507
1489825114
1489817231
1489816831
1489815792
1489814319
1489812766
1489795070
1489794943
1489794632
1489794072
1489794016
1489793006
1489792934
1489792820
1489792356
1489792079
1489791994
1489791719
1489791348
1489791279
1489790992
1489790901
1489790529
1489787489
1489777293
1489769010
1489764959
1489764890
1489764757
1489755259
1489752964
1489749955
1489747866
1489746728
1489746365
1489740492
1489738834
1489738722
1489737097
1489736701
1489735567
1489735363
1489734156
1489733343
1489733203
1489731107
1489729201
1489729123
1489728174
1489727665
1489727184
1489726641
1489725198
1489724836
1489695293
1489677248
1489672522
1489672491
1489671589
1489671459
1489670311
1489668388
1489665984
1489664957
1489664921
1489663079
1489661560
1489660366
1489659911
1489658779
1489656969
1489654105
1489653978
1489652360
1489652278
1489651224
1489649532
1489649369
1489649265
1489648625
1489647998
1489646758
1489644942
1489644893
1489644189
1489642825
1489641478
1489620113
1489603771
1489593535
1489591362
1489588590
1489586801
1489585898
1489584272
1489583990
1489583731
1489583325
1489580012
1489579500
1489577828
1489575851
1489574062
1489572953
1489572447
1489569070
1489568950
1489568470
1489566487
1489566451
1489565244
1489563579
1489563421
1489562751
1489561498
1489561444
1489559807
1489559691
1489557819
1489557231
1489557228
1489556067
1489555604
1489555290
1489548302
1489547483
1489546191
1489545039
1489535452
1489535298
1489526602
1489502525
1489501362
1489500735
1489500357
1489500316
1489499563
1489499509
1489498661
1489497000
1489496206
1489495224
1489493873
1489493479
1489492956
1489492786
1489490328
1489488288
1489488069
1489487129
1489481666
1489481527
1489480900
1489479682
1489479627
1489479152
1489478487
1489477986
1489476614
1489476256
1489475711
1489475283
1489474819
1489474281
1489473581
1489471799
1489471420
1489471300
1489470656
1489470615
1489470166
1489469110
1489467813
1489461791
1489453840
1489447950
1489443867
1489442323
1489438895
1489435776
1489431822
1489431683
1489414331
1489413520
1489412538
1489412068
1489411775
1489411518
1489411383
1489410783
1489410284
1489408863
1489408048
1489407767
1489407551
1489407027
1489406774
1489405345
1489403334
1489402190
1489401111
1489399878
1489370960
1489370703
1489292534
1489268720
1489218270
1489217744
1489217527
1489210073
1489195318
1489192921
1489192869
1489192841
1489156142
1489155555
1489155475
1489154970
1489154051
1489152852
1489152258
1489150611
1489150510
1489149933
1489149169
1489147488
1489147350
1489147121
1489146767
1489146400
1489146325
1489146281
1489145219
1489143587
1489143507
1489143144
1489137516
1489135510
1489135436
1489134966
1489134614
1489134202
1489133865
1489132588
1489132345
1489131063
1489130653
1489130624
1489129795
1489129269
1489129220
1489127459
1489127262
1489126127
1489125734
1489124887
1489124825
1489124277
1489123813
1489123807
1489123421
1489122136
1489121633
1489094066
1489089438
1489086198
1489084730
1489084373
1489072999
1489072206
1489072036
1489071602
1489067836
1489065159
1489063456
1489061261
1489059013
1489057520
1489056995
1489056316
1489056018
1489055750
1489054911
1489047766
1489047487
1489045781
1489045368
1489044875
1489043292
1489042158
1489041730
1489040551
1489040389
1489038963
1489037368
1489036718
1489034248
1489032332
1489004339
1488998647
1488992530
1488989239
1488988768
1488988304
1488985053
1488983965
1488983720
1488983080
1488982891
1488982470
1488979664
1488978277
1488977027
1488976294
1488975424
1488975305
1488974567
1488974532
1488973771
1488973273
1488971211
1488970315
1488970186
1488969221
1488969217
1488968906
1488968645
1488968367
1488967097
1488967044
1488964719
1488962169
1488960794
1488960685
1488959408
1488959376
1488958941
1488958621
1488957548
1488957076
1488956991
1488956489
1488956058
1488955874
1488955228
1488955108
1488954803
1488954143
1488953592
1488953324
1488952513
1488951729
1488951512
1488951499
1488950827
1488950157
1488950084
1488950082
1488948444
1488946890
1488945338
1488923788
1488915775
1488901429
1488901138
1488900143
1488899205
1488898356
1488898089
1488895321
1488894617
1488894090
1488892012
1488891911
1488889642
1488889382
1488888512
1488887557
1488886766
1488885948
1488884335
1488883160
1488881041
1488879947
1488879088
1488875224
1488875080
1488873676
1488873627
1488872593
1488870996
1488870458
1488870058
1488869805
1488869421
1488869324
1488868457
1488868451
1488867618
1488866741
1488866233
1488865670
1488865655
1488864870
1488863714
1488863620
1488849922
1488829869
1488826506
1488818474
1488810436
1488808940
1488806773
1488804241
1488802909
1488802149
1488801741
1488801528
1488800577
1488800207
1488799296
1488796942
1488792572
1488791290
1488791227
1488790892
1488790581
1488789908
1488789437
1488786385
1488782914
1488781539
1488780737
1488780593
1488780482
1488779444
1488733240
1488678326
1488610996
1488610694
1488608950
1488608075
1488607839
1488606970
1488606841
1488606785
1488602579
1488552009
1488551364
1488550880
1488550541
1488550428
1488549093
1488549018
1488547151
1488543862
1488541375
1488541324
1488541266
1488538820
1488537025
1488531792
1488530025
1488529155
1488529154
1488528467
1488527507
1488526809
1488525744
1488525270
1488524658
1488523212
1488522164
1488522078
1488520656
1488520006
1488519917
1488518353
1488513529
1488513161
1488496736
1488466004
1488465553
1488465225
1488462942
1488461895
1488458661
1488456107
1488453661
1488452596
1488452569
1488451670
1488451088
1488444907
1488443803
1488440826
1488440729
1488439486
1488436187
1488435675
1488434899
1488434439
1488433969
1488433948
1488433238
1488433086
1488432256
1488431724
1488431718
1488430250
1488430006
1488429767
1488424097
1488409663
1488392361
1488390304
1488373679
1488373574
1488373034
1488372629
1488371604
1488365764
1488365277
1488363896
1488361173
1488359450
1488354865
1488354762
1488352173
1488350299
1488350122
1488349627
1488348917
1488347650
1488347431
1488346812
1488346583
1488345364
1488345210
1488345108
1488344914
1488344778
1488344350
1488344147
1488343569
1488289235
1488289057
1488285514
1488283369
1488281662
1488280922
1488279680
1488278266
1488277706
1488275856
1488270576
1488270058
1488267940
1488265733
1488263881
1488262872
1488262438
1488262415
1488262160
1488261188
1488261060
1488260030
1488259689
1488258522
1488258219
1488256573
1488256090
1488255881
1488255239
1488252262
1488251680
1488251465
1488247160
1488207562
1488207367
1488206531
1488205741
1488205001
1488204164
1488203345
1488202959
1488202443
1488194314
1488192244
1488189836
1488188025
1488187922
1488181958
1488178912
1488177210
1488176362
1488175882
1488174941
1488173911
1488172390
1488170107
1488102565
1488102378
1488098297
1488096280
1488034989
1488026467
1488025475
1488021013
1488020110
1488004245
1488002920
1487999612
1487999127
1487964548
1487945383
