1215018357
1214993546
1214993545
1214993545
1214993545
1214950986
1214950945
1214938028
1214863455
1214863347
1214862721
1214862547
1214862436
1214862335
1214862209
1214861972
1214861873
1214861773
1214861772
1214861439
1214861324
1214861175
1214861057
1214860661
1214860325
1214860223
1214859842
1214859704
1214859495
1214859350
1214859159
1214858753
1214858647
1214858429
1214858291
1214858131
1214857921
1214857685
1214852640
1214848135
1214602287
1214592224
1214516405
1214500618
1214445716
1214444798
1214435707
1214434891
1214332478
1214292406
1214206772
1213907937
1213842601
1213842395
1213828838
1213793036
1213754155
1213739553
1213652331
1213463988
1213135482
1213135287
1213130170
1213105727
1212576940
1212508847
1212438610
1212377765
1212261767
1212176006
1212103300
1212018672
1212011342
1212010653
1211943706
1211766869
1211655873
1211564818
1211495832
1211495693
1211490816
1211488366
1211479965
1211477525
1211407425
1211407118
1211391966
1211390989
1211340113
1211331313
1211318325
1211271166
1211219286
1211145572
1210973395
1210972114
1210961533
1210921691
1210884824
1210883128
1210805193
1210801065
1210792617
1210742703
1210735227
1210729009
1210704803
1210374646
1210340919
1210269742
1210201092
1210198379
1210176625
1210095477
1210029350
1210029279
1210014141
1209761607
1209666192
1209540475
1209517837
1209498748
1209497286
1209494875
1209486654
1209440206
1209179056
1209156827
1209073992
1208919581
1208753195
1208476189
1208232873
1208154390
1207972605
1207959486
1207943394
1207932184
1207929082
1207851392
1207587516
1207544169
1207431007
1206595431
1206518607
1206504731
1206393877
1206213477
1205849047
1205797794
1205547285
1205540636
1205516798
1205514285
1205513815
1205512886
1205512855
1205512604
1205512552
1205512442
1205512442
1205480496
1205426910
1205414100
1205377297
1205351139
1205276677
1205274903
1205107321
1205107163
1205090187
1205089909
1204948895
1204948786
1204846201
1204791064
1204663407
1204662375
1204662192
1204661729
1204661672
1204614577
1204564798
1204479862
1204479655
1204275235
1204246554
1204055902
1203849568
1203575854
1203570382
1203570019
1203386260
1203281217
1203277358
1203227503
1203120005
1203120005
1203120005
1203120005
1203120005
1203120005
1203120005
1203029717
1203026938
1203026601
1203026368
1202983752
1202983718
1202930416
1202862826
1202862807
1202861000
1202840895
1202804550
1202802809
1202802721
1202782419
1202782335
1202776001
1202775822
1202775822
1202775822
1202711572
1202711572
1202711572
1202678533
1202675023
1202625281
1202521678
1201787653
1201508399
1200772686
1200624894
1200547513
1200048432
1199784187
1199432527
1199361269
1199173501
1198234527
1198016270
1197907619
1197906564
1197213228
1195385927
1195309362
1195061710
1195060593
1195038190
1195035690
1195034582
1194700578
1194451980
1194431832
1194294122
1194138030
1194125182
1194125037
1192446023
1192115991
1191957657
1191794691
1191413853
1191240084
1190814587
1188909601
1188908581
1188906776
1188906016
1188905063
1188903609
1188839591
1188837381
1188837182
1188824236
1188562934
1188404628
1188321777
1188317245
1188309412
1188226482
1188225050
1188224595
1188223607
1188222880
1188222413
1188222146
1188221975
1188221143
1188220955
1188220617
1188157200
1187988933
1187964463
1187960116
1187957684
1187956892
1187881917
1187881605
1187875817
1187874461
1187873442
1187873286
1187872565
1187780531
1187780360
1187772597
1187694469
1186669373
1186575479
1186552432
1186462906
1186149229
1186124317
1186121122
1186045947
1185962306
1185867516
1185435367
1184925509
1184909347
1184320379
1184213964
1183450490
1180649994
