1402029912
1402028501
1402027882
1402027348
1402026712
1402025813
1402025480
1402025279
1402024273
1401991640
1401987091
1401973752
1401953469
1401948581
1401942618
1401941884
1401940289
1401939538
1401939340
1401938760
1401938375
1401937781
1401937192
1401914663
1401911469
1401897906
1401877622
1401875181
1401873842
1401872551
1401871128
1401870079
1401869702
1401855778
1401843454
1401798918
1401797648
1401781077
1401780010
1401778433
1401773604
1401773348
1401772431
1401770941
1401767888
1401767032
1401765046
1401764032
1401737428
1401735421
1401715812
1401714754
1401714623
1401710271
1401690219
1401683679
1401679153
1401678325
1401514372
1401509517
1401509049
1401455281
1401450283
1401450216
1401426038
1401425006
1401424078
1401424008
1401423382
1401423149
1401421763
1401374571
1401363935
1401362869
1401358633
1401353734
1401340909
1401338023
1401337405
1401333157
1401323948
1401290875
1401278983
1401277852
1401257350
1401252163
1401250327
1401250023
1401248527
1401248374
1401214883
1401211639
1401203725
1401160605
1401159219
1401136677
1401120277
1401118845
1401087814
1401068742
1401039691
1400905892
1400905331
1400905043
1400864779
1400846195
1400824031
1400820903
1400781366
1400750945
1400749784
1400738561
1400738417
1400738369
1400738088
1400737128
1400736305
1400734818
1400734370
1400733843
1400732976
1400732777
1400732625
1400694079
1400655285
1400646388
1400645522
1400642985
1400608596
1400581690
1400568082
1400560856
1400560117
1400560022
1400554137
1400524996
1400524728
1400503173
1400502622
1400500714
1400482825
1400472816
1400471313
1400286718
1400265789
1400258377
1400253024
1400244584
1400228956
1400219736
1400215963
1400215304
1400213293
1400149648
1400130232
1400126346
1400126071
1400047985
1400047108
1400046070
1400045907
1400043790
1400042968
1400041192
1400040674
1400039733
1400038275
1400036324
1400021828
1400001658
1399998540
1399985683
1399954918
1399953888
1399937453
1399896712
1399894941
1399893315
1399890496
1399888172
1399883381
1399871792
1399870908
1399722136
1399720866
1399715430
1399713442
1399699617
1399692971
1399655621
1399642372
1399633648
1399631779
1399631168
1399607668
1399606867
1399605798
1399604733
1399593436
1399569956
1399555018
1399551328
1399551019
1399522951
1399520722
1399518898
1399517512
1399482485
1399482263
1399474120
1399464586
1399464280
1399464216
1399463418
1399463183
1399463077
1399462340
1399460371
1399459210
1399456504
1399447836
1399445404
1399444645
1399442016
1399441718
1399440673
1399440370
1399438292
1399435759
1399435235
1399434749
1399433781
1399431741
1399412055
1399403774
1399397799
1399397550
1399395722
1399393912
1399392268
1399391934
1399382521
1399379833
1399379396
1399378569
1399378553
1399376691
1399374941
1399374734
1399374516
1399369097
1399368711
1399367467
1399364724
1399363047
1399361723
1399359764
1399359356
1399356087
1399355047
1399353906
1399353164
1399352864
1399352511
1399352455
1399352125
1399352079
1399351203
1399350924
1399346421
1399345027
1399295257
1399289269
1399280952
1399278806
1399278559
1399278235
1399270703
1399265799
1399263900
1399262475
1399258020
1399212657
1399123740
1399116701
1399115398
1399113916
1399113533
1399112343
1399110894
1399108685
1399106900
1399093628
1399091796
1399090572
1399037145
1399035240
1399033679
1399032856
1399030167
1399025888
1399021530
1399018234
1399010977
1399006692
1399005649
1399004763
1399004196
1399000726
1398999022
1398964588
1398964296
1398948822
1398944546
1398934933
1398933170
1398932918
1398932516
1398932152
1398929614
1398927006
1398925772
1398923633
1398923228
1398922357
1398919737
1398916546
1398915042
1398906643
1398900819
1398894043
1398890848
1398890566
1398860660
1398852760
1398851969
1398846962
1398845181
1398842124
1398839582
1398839026
1398838767
1398838253
1398837723
1398835608
1398834879
1398834847
1398834647
1398833833
1398833582
1398808457
1398798864
1398772272
1398772049
1398771862
1398770130
1398769679
1398768291
1398762901
1398760636
1398755541
1398755052
1398751593
1398749290
1398748306
1398746964
1398746406
1398742620
1398741805
1398741226
1398740933
1398692105
1398688216
1398685403
1398683987
1398682125
1398681295
1398679531
1398679023
1398679017
1398675250
1398671023
1398669960
1398669345
1398488287
1398486731
1398451774
1398451743
1398447293
1398430159
1398428170
1398419118
1398415335
1398403897
1398402444
1398400516
1398400175
1398398877
1398381328
1398354802
1398354241
1398348581
1398344110
1398343175
1398342108
1398342041
1398340959
1398340595
1398340342
1398327623
1398320829
1398318186
1398302384
1398301558
1398275727
1398272425
1398259840
1398256449
1398256343
1398255326
1398249591
1398248699
1398241542
1398239619
1398238301
1398237645
1398237278
1398237063
1398236991
1398236358
1398211094
1398205698
1398205200
1398203576
1398170798
1398168938
1398148637
1397841648
1397826084
1397823339
1397799223
1397799223
1397797272
1397755865
1397733138
1397715783
1397693715
1397691011
1397689366
1397688637
1397688457
1397668959
1397668574
1397649859
1397646175
1397643878
1397642337
1397642081
1397639840
1397635818
1397634312
1397629033
1397623636
1397617757
1397617021
1397616769
1397606306
1397599077
1397589228
1397582763
1397582113
1397572874
1397565740
1397565294
1397563092
1397561614
1397560649
1397559029
1397558379
1397558098
1397557106
1397554185
1397552215
1397551382
1397549012
1397546395
1397544959
1397544088
1397544087
1397543571
1397543377
1397540053
1397538309
1397538009
1397537082
1397536888
1397536168
1397535387
1397532795
1397517174
1397513872
1397513100
1397489630
1397480441
1397479282
1397478793
1397477140
1397476985
1397475451
1397474303
1397471168
1397468601
1397465757
1397463742
1397459424
1397459050
1397459050
1397458510
1397453257
1397451006
1397447464
1397445651
1397445041
1397409985
1397409946
1397409875
1397304078
1397301368
1397298816
1397294061
1397289874
1397289720
1397278844
1397247969
1397239463
1397219112
1397218222
1397217371
1397216909
1397214916
1397214705
1397213997
1397206747
1397206401
1397206254
1397206254
1397206254
1397206046
1397202278
1397199783
1397199583
1397198641
1397197249
1397196165
1397195437
1397194447
1397194115
1397193848
1397193362
1397193012
1397192993
1397192649
1397186984
1397185607
1397184666
1397177842
1397159122
1397150076
1397136806
1397133234
1397132643
1397127937
1397125972
1397124698
1397124442
1397123209
1397122532
1397122371
1397117753
1397117430
1397116702
1397116326
1397113500
1397110949
1397110192
1397110114
1397108598
1397107717
1397106135
1397104595
1397104160
1397104125
1397065637
1397051128
1397045572
1397044950
1397044530
1397044095
1397043696
1397042577
1397042491
1397040667
1397038433
1397037753
1397034857
1397031372
1397030743
1397027588
1397027081
1397026622
1397026542
1397025516
1397024182
1397023809
1397023221
1397022635
1397021451
1397020766
1397020056
1397019852
1397019695
1397018372
1397017783
1397015826
1397013826
1396982083
1396978885
1396960327
1396959209
1396958410
1396958047
1396956864
1396956483
1396955810
1396952373
1396952373
1396947755
1396945733
1396944372
1396943975
1396943588
1396943378
1396943289
1396942568
1396941854
1396937997
1396936472
1396935653
1396935331
1396933232
1396932547
1396931460
1396929954
1396929723
1396926437
1396896633
1396880623
1396879662
1396874594
1396873078
1396870418
1396866108
1396865440
1396864871
1396861720
1396860527
1396854240
1396847800
1396844475
1396839692
1396837576
1396827859
1396728595
1396697546
1396693435
1396691236
1396690941
1396688751
1396684552
1396683541
1396683044
1396681162
1396678923
1396677894
1396677003
1396632333
1396618259
1396609943
1396609288
1396606610
1396605962
1396594619
1396591253
1396590218
1396589432
1396588342
1396587869
1396585175
1396582464
1396582353
1396571362
1396548017
1396528924
1396519474
1396515457
1396505290
1396502505
1396500032
1396499438
1396499419
1396498235
1396498086
1396497591
1396497189
1396496010
1396495749
1396495065
1396494660
1396480178
1396476481
1396461160
1396459939
1396441080
1396440116
1396429481
1396423471
1396419799
1396418991
1396416197
1396414777
1396413990
1396413885
1396413589
1396411637
1396410988
1396410059
1396376253
1396367563
1396357254
1396352711
1396341497
1396335650
1396334247
1396333322
1396328034
1396324614
1396322429
1396322402
1396320686
1396317312
1396281428
1396271281
1396250677
1396250677
1396242823
1396237560
1396237560
1396194255
1396071163
1396014139
1396008467
1396006203
1396002433
1396001459
1395990487
1395989847
1395988430
1395982608
1395979022
1395978259
1395976880
1395974535
1395961091
1395910312
1395901687
1395895063
1395893822
1395888798
1395888288
1395882770
1395876481
1395862674
1395840930
1395834290
1395833652
1395827443
1395820293
1395816043
1395816043
1395816043
1395815603
1395803413
1395796462
1395749491
1395747335
1395739938
1395739004
1395739004
1395729298
1395728431
1395728229
1395728007
1395727241
1395726765
1395723786
1395718334
1395716291
1395686170
1395682816
1395662057
1395660268
1395658883
1395657046
1395656724
1395655715
1395651384
1395645748
1395645093
1395639220
1395635221
1395629997
1395629283
1395561682
1395540119
1395464388
1395448647
1395448588
1395438162
1395425965
1395397382
1395396095
1395396095
1395396095
1395395476
1395395195
1395395029
1395394803
1395391202
1395390349
1395387983
1395387983
1395387460
1395384630
1395383116
1395382800
1395382624
1395382092
1395381477
1395378489
1395377595
1395377084
1395375926
1395375443
1395374755
1395374192
1395372850
1395372139
1395353132
1395352653
1395351963
1395351716
1395350083
1395349654
1395349414
1395349336
1395349019
1395347610
1395346779
1395346701
1395346655
1395346448
1395346366
1395341551
1395340854
1395337031
1395321401
1395317379
1395317298
1395316855
1395316087
1395315632
1395313430
1395309547
1395306080
1395306032
1395305926
1395304841
1395293241
1395292562
1395289441
1395265422
1395262901
1395262835
1395262419
1395260937
1395260799
1395260458
1395259026
1395254864
1395253830
1395251638
1395246653
1395233033
1395231588
1395231236
1395231012
1395229788
1395226341
1395224336
1395224336
1395211810
1395210285
1395207701
1395203007
1395202055
1395201058
1395200090
1395200049
1395186939
1395186856
1395177380
1395171893
1395165034
1395162567
1395161425
1395141634
1395129315
1395125357
1395125131
1395124039
1395120056
1395120056
1395120056
1395113099
1395100880
1395098817
1395098292
1395075544
1395075461
1395075291
1395060467
1395059455
1395058297
1395052329
1394862575
1394859418
1394858593
1394857821
1394838354
1394838134
1394837943
1394837908
1394837863
1394837823
1394837526
1394837235
1394835796
1394835634
1394835219
1394833102
1394833068
1394833024
1394832581
1394832517
1394832352
1394832318
1394831670
1394831585
1394831371
1394831310
1394831067
1394830853
1394830546
1394826806
1394785955
1394780006
1394772774
1394772382
1394752966
1394752050
1394732492
1394729615
1394716489
1394690385
1394684794
1394683355
1394682440
1394679977
1394657043
1394656568
1394629251
1394625682
1394619756
1394599700
1394597619
1394596189
1394595838
1394562867
1394562461
1394546007
1394538011
1394536105
1394531803
1394531297
1394521206
1394521206
1394521205
1394516551
1394515942
1394514567
1394512961
1394512730
1394509155
1394507675
1394460763
1394459496
1394437217
1394422836
1394265185
1394265185
1394253650
1394236789
1394170214
1394169607
1394167954
1394167089
1394165857
1394164107
1394163319
1394144906
1394132549
1394132449
1394128773
1394090455
1394084226
1394083288
1394077424
1394077235
1394076525
1394076069
1394044300
1393996345
1393994091
1393992530
1393991183
1393983944
1393978697
1393975301
1393963677
1393963639
1393958765
1393927800
1393918016
1393915548
1393910626
1393910297
1393909362
1393909289
1393907755
1393905996
1393904580
1393903634
1393820394
1393819209
1393818882
1393652837
1393650747
1393650591
1393619839
1393592317
1393536470
1393521259
1393508424
1393505231
1393475466
1393463509
1393451899
1393451816
1393451466
1393437226
1393398304
1393384991
1393362903
1393356185
1393356063
1393356047
1393351156
1393344402
1393330594
1393306239
1393303771
1393303316
1393301412
1393299729
1393299503
1393291030
1393288941
1393271419
1393268552
1393247553
1393241180
1393220537
1393217569
1393094325
1393040285
1393009361
1393008723
1392992847
1392992153
1392986330
1392965831
1392963612
1392957612
1392957609
1392955614
1392954948
1392953312
1392944807
1392943610
1392937085
1392932741
1392931574
1392930298
1392926601
1392922107
1392919398
1392908591
1392869741
1392867278
1392866070
1392865816
1392852477
1392851234
1392848905
1392835116
1392834232
1392822367
1392822330
1392822321
1392815546
1392793459
1392793324
1392792097
1392790564
1392790096
1392782843
1392782075
1392781640
1392767375
1392755682
1392729868
1392729633
1392724878
1392693524
1392648706
1392648673
1392641537
1392640280
1392640212
1392609840
1392608461
1392439361
1392437650
1392371346
1392353548
1392352813
1392351483
1392350556
1392350145
1392286251
1392270683
1392270155
1392265797
1392264548
1392263771
1392262158
1392233980
1392200318
1392191200
1392186601
1392185356
1392181302
1392180411
1392179032
1392178768
1392176204
1392142457
1392125101
1392121747
1392108047
1392107909
1392104895
1392103217
1392100382
1392093550
1392091599
1392090564
1392089469
1392080733
1392064259
1392064218
1392064041
1392063999
1392063866
1392063695
1392063661
1392063558
1392063440
1392063121
1392062454
1392062343
1392062280
1392047856
1392039313
1392038406
1392028134
1392027287
1392027230
1392026743
1392018680
1392006443
1392005488
1392003192
1391900728
1391898734
1391883638
1391840077
1391839040
1391837225
1391836900
1391836314
1391835070
1391834098
1391802896
1391802521
1391780007
1391771344
1391769150
1391766458
1391750657
1391750003
1391748053
1391747878
1391747533
1391746545
1391744545
1391743530
1391743428
1391735700
1391723248
1391723173
1391720026
1391711589
1391667426
1391662018
1391660696
1391659786
1391659271
1391658798
1391632826
1391632415
1391632272
1391632231
1391631367
1391631074
1391630902
1391630571
1391630502
1391630464
1391630351
1391594271
1391593400
1391591818
1391591087
1391574471
1391573841
1391573385
1391571450
1391567585
1391529192
1391524394
1391523519
1391498235
1391481006
1391457814
1391457645
1391457469
1391434527
1391412114
1391410459
1391410047
1391409492
1391408562
1391247846
1391224706
1391206151
1391194841
1391147112
1391141645
1391138823
1391128776
1391122788
1391110758
1391104041
1391097510
1391083913
1391076084
1391056176
1391054051
1391053413
1391032154
1391025016
1391023819
1391021314
1391004061
1390998413
1390992533
1390976864
1390971811
1390967539
1390963854
1390947352
1390938200
1390930702
1390915525
1390910447
1390909251
1390908685
1390907869
1390891983
1390889670
1390888098
1390857793
1390847666
1390818176
1390805652
1390630651
1390628916
1390607160
1390584710
1390572181
1390545620
1390541463
1390540213
1390539895
1390537097
1390525088
1390510645
1390492134
1390481947
1390481180
1390467071
1390457391
1390456063
1390450005
1390449851
1390449039
1390449039
1390447944
1390431116
1390429876
1390410752
1390395504
1390395231
1390394157
1390390332
1390370310
1390369629
1390361778
1390352069
1390336965
1390329464
1390315615
1390311765
1390306764
1390304455
1390296630
1390243335
1390234639
1390211426
1390200222
1390191864
1390025284
1390024924
1390024072
1390023060
1390022410
1390007913
1389995334
1389961535
1389953317
1389941095
1389936111
1389935794
1389935610
1389931394
1389930693
1389908964
1389907146
1389905803
1394597619
1394596189
1394595838
1394562867
1394562461
1394546007
1394538011
1394536105
1394531803
1394531297
1394521206
1394521206
1394521205
1394516551
1394515942
1394514567
1394512961
1394512730
1394509155
1394507675
1394460763
1394459496
1394437217
1394422836
1394265185
1394265185
1394253650
1394236789
1394170214
1394169607
1394167954
1394167089
1394165857
1394164107
1394163319
1394144906
1394132549
1394132449
1394128773
1394090455
1394084226
1394083288
1394077424
1394077235
1394076525
1394076069
1394044300
1393996345
1393994091
1393992530
1393991183
1393983944
1393978697
1393975301
1393963677
1393963639
1393958765
1393927800
1393918016
1393915548
1393910626
1393910297
1393909362
1393909289
1393907755
1393905996
1393904580
1393903634
1393820394
1393819209
1393818882
1393652837
1393650747
1393650591
1393619839
1393592317
1393536470
1393521259
1393508424
1393505231
1393475466
1393463509
1393451899
1393451816
1393451466
1393437226
1393398304
1393384991
1393362903
1393356185
1393356063
1393356047
1393351156
1393344402
1393330594
1393306239
1393303771
1393303316
1393301412
1393299729
1393299503
1393291030
1393288941
1393271419
1393268552
1393247553
1393241180
1393220537
1393217569
1393094325
1393040285
1393009361
1393008723
1392992847
1392992153
1392986330
1392965831
1392963612
1392957612
1392957609
1392955614
1392954948
1392953312
1392944807
1392943610
1392937085
1392932741
1392931574
1392930298
1392926601
1392922107
1392919398
1392908591
1392869741
1392867278
1392866070
1392865816
1392852477
1392851234
1392848905
1392835116
1392834232
1392822367
1392822330
1392822321
1392815546
1392793459
1392793324
1392792097
1392790564
1392790096
1392782843
1392782075
1392781640
1392767375
1392755682
1392729868
1392729633
1392724878
1392693524
1392648706
1392648673
1392641537
1392640280
1392640212
1392609840
1392608461
1392439361
1392437650
1392371346
1392353548
1392352813
1392351483
1392350556
1392350145
1392286251
1392270683
1392270155
1392265797
1392264548
1392263771
1392262158
1392233980
1392200318
1392191200
1392186601
1392185356
1392181302
1392180411
1392179032
1392178768
1392176204
1392142457
1392125101
1392121747
1392108047
1392107909
1392104895
1392103217
1392100382
1392100382
1392093550
1392091599
1392090564
1392089469
1392080733
1392064259
1392064218
1392064041
1392063999
1392063866
1392063695
1392063661
1392063558
1392063440
1392063121
1392062454
1392062343
1392062280
1392047856
1392039313
1392038406
1392028134
1392027287
1392027230
1392026743
1392018680
1392006443
1392005488
1392003192
1391900728
1391898734
1391883638
1391840077
1391839040
1391837225
1391836900
1391836314
1391835070
1391834098
1391802896
1391802521
1391780007
1391771344
1391769150
1391766458
1391750657
1391750003
1391748053
1391747878
1391747533
1391746545
1391744545
1391743530
1391743428
1391735700
1391723248
1391723173
1391720026
1391711589
1391667426
1391662018
1391660696
1391659786
1391659271
1391658798
1391632826
1391632415
1391632272
1391632231
1391631367
1391631074
1391630902
1391630571
1391630502
1391630464
1391630351
1391594271
1391593400
1391591818
1391591087
1391574471
1391573841
1391573385
1391571450
1391567585
1391529192
1391524394
1391523519
1391498235
1391481006
1391457814
1391457645
1391457469
1391434527
1391412114
1391410459
1391410047
1391409492
1391408562
1391247846
1391224706
1391206151
1391194841
1391147112
1391141645
1391138823
1391128776
1391122788
1391110758
1391104041
1391097510
1391083913
1391076084
1391056176
1391054051
1391053413
1391032154
1391025016
1391023819
1391021314
1391004061
1390998413
1390992533
1390976864
1390971811
1390967539
1390963854
1390947352
1390938200
1390930702
1390915525
1390910447
1390909251
1390908685
1390907869
1390891983
1390889670
1390888098
1390857793
1390847666
1390818176
1390805652
1390630651
1390628916
1390607160
1390584710
1390572181
1390545620
1390541463
1390540213
1390539895
1390537097
1390525088
1390510645
1390492134
1390481947
1390481180
1390467071
1390457391
1390456063
1390450005
1390449851
1390449039
1390449039
1390447944
1390431116
1390429876
1390410752
1390395504
1390395231
1390394157
1390390332
1390370310
1390369629
1390361778
1390352069
1390336965
1390329464
1390315615
1390311765
1390306764
1390304455
1390296630
1390243335
1390234639
1390211426
1390200222
1390191864
1390025284
1390024924
1390024072
1390023060
1390022410
1390007913
1389995334
1389961535
1389953317
1389941095
1389936111
1389935794
1389935610
1389931394
1389930693
1389908964
1389907146
1389905803
1389903538
1389903538
1389899058
1389898851
1389892371
1389888444
1389860618
1389844161
1389843599
1389812457
1389811557
1389810272
1389810257
1389761395
1389757415
1389734712
1389732986
1389728056
1389725583
1389708735
1389707078
1389677535
1389672436
1389653296
1389653296
1389634025
1389631612
1389626414
1389622958
1389620798
1389619367
1389618198
1389585015
1389424362
1389419834
1389418812
1389371826
1389362738
1389351167
1389333025
1389325527
1389302453
1389285353
1389277554
1389262974
1389246682
1389241211
1389241026
1389239989
1389229511
1389223760
1389210935
1389206274
1389187328
1389187165
1389187131
1389187109
1389185368
1389175445
1389161352
1389160249
1389154841
1389153820
1389152877
1389151326
1389136853
1389131421
1389120239
1389101541
1389101539
1389095095
1389091462
1389089482
1389076232
1389068571
1389068480
1389068009
1389067135
1389037358
1389035458
1389032441
1389013994
1389012859
1389011160
1388980156
1388925621
1388866748
1388812402
1388738725
1388728383
1388720099
1388696427
1388680617
1388634735
1388633121
1388632419
1388618601
1388600390
1388592275
1388552836
1388542571
1388533001
1388515358
1388461847
1388377598
1388375229
1388192348
1388154202
1388122679
1388098310
1388051141
1388030122
1387861448
1387858041
1387857151
1387856146
1387855821
1387836163
1387808075
1387806764
1387776634
1387773159
1387772196
1387770996
1387604149
1387603299
1387561332
1387561143
1387560988
1387551396
1387549618
1387546887
1387543289
1387536344
1387523352
1387517662
1387514802
1387514070
1387513188
1387512367
1387510862
1387492651
1387486711
1387465459
1387457640
1387450899
1387447326
1387432063
1387427033
1387423485
1387360546
1387341079
1387340661
1387339598
1387337974
1387336877
1387330640
1387322053
1387322053
1387322053
1387317414
1387304776
1387285668
1387276077
1387273495
1387255846
1387251740
1387250697
1387226714
1387222004
1387200845
1387200700
1387200272
1387168941
1387167418
1387165027
1387040541
1386974513
1386969592
1386959816
1386957611
1386940903
1386931384
1386930391
1386930131
1386928814
1386928151
1386917152
1386914841
1386908289
1386885073
1386885030
1386882827
1386882774
1386882773
1386882773
1386882773
1386882773
1386882773
1386882773
1386882773
1386882773
1386882773
1386851915
1386851769
1386828648
1386827255
1386825377
1386824573
1386823888
1386823581
1386822599
1386801611
1386785395
1386766390
1386745148
1386741280
1386740843
1386734534
1386733351
1386732854
1386716768
1386698340
1386658290
1386656551
1386656311
1386656171
1386655378
1386653536
1386647971
1386647173
1386645932
1386625481
1386614492
1386597698
1386573235
1386566719
1386565846
1386563594
1386563173
1386438781
1386396301
1386395736
1386313732
1386309854
1386308892
1386289725
1386267481
1386246705
1386244837
1386239851
1386236847
1386227681
1386227259
1386227086
1386224216
1386222429
1386221380
1386216636
1386215671
1386214845
1386214356
1386213994
1386200742
1386184091
1386181003
1386160528
1386137510
1386129280
1386128734
1386118675
1386096400
1386096159
1386091390
1386079491
1386076014
1386075313
1386051639
1386050125
1386045313
1386040474
1386034901
1386030072
1386027852
1386027524
1386008214
1385989835
1385988780
1385979221
1385732291
1385610043
1385584280
1385579595
1385578155
1385555463
1385532709
1385530747
1385528696
1385513361
1385505954
1385505739
1385505011
1385504062
1385503004
1385468892
1385468163
1385445109
1385444166
1385444166
1385444166
1385443702
1385440590
1385437416
1385435483
1385407221
1385399605
1385399605
1385399605
1385399605
1385399221
1385399221
1385399221
1385398933
1385398933
1385383237
1385350768
1385315008
1385210855
1385210855
1385210855
1385210855
1385185306
1385184351
1385182656
1385158847
1385153380
1385144018
1385105088
1385103722
1385102735
1385096802
1385080556
1385075150
1385056901
1385045479
1385040088
1385013029
1385012415
1385009040
1385007387
1385004590
1384947481
1384941539
1384927293
1384926853
1384926134
1384919956
1384894760
1384894740
1384885107
1384859232
1384855169
1384842919
1384841458
1384831974
1384801252
1384795587
1384776762
1384769955
1384760129
1384752562
1384751489
1384746590
1384745007
1384514220
1384485504
1384474632
1384471063
1384470349
1384453142
1384439516
1384401038
1384391002
1384362294
1384321714
1384305492
1384301715
1384296856
1384284714
1384235833
1384234440
1384233435
1384230682
1384226242
1384225299
1384166142
1384159235
1384159147
1384146903
1384145670
1384140364
1384105536
1384105417
1383977466
1383975569
1383957038
1383929813
1383918492
1383880663
1383852468
1383851024
1383834272
1383821732
1383796336
1383794939
1383786570
1383766724
1383713669
1383711965
1383711537
1383709857
1383708763
1383692350
1383645715
1383644559
1383631768
1383625138
1383623774
1383592752
1383591644
1383539261
1383537683
1383536761
1383535025
1383534736
1383354236
1383336584
1383336379
1383332932
1383331505
1383288418
1383282655
1383282357
1383223375
1383222184
1383190072
1383188434
1383179276
1383178911
1383177310
1383177310
1383177310
1383177310
1383177310
1383177310
1383177310
1383177310
1383177309
1383177309
1383177309
1383177309
1383177309
1383177309
1383177309
1383176599
1383176599
1383170423
1383159377
1383154718
1383124632
1383103074
1383085725
1383073348
1383067508
1383033437
1383018693
1383016448
1383015167
1382963236
1382960205
1382959141
1382958813
1382930668
1382930569
1382902120
1382902120
1382902120
1382731996
1382721294
1382717315
1382704201
1382698488
1382694327
1382674998
1382673149
1382670793
1382654650
1382638890
1382638890
1382638890
1382638075
1382617277
1382592491
1382590331
1382589250
1382587524
1382564772
1382561714
1382550815
1382549380
1382549165
1382541405
1382526844
1382526598
1382526115
1382525551
1382520327
1382467089
1382448586
1382448351
1382445781
1382430020
1382421918
1382421778
1382417513
1382414645
1382381154
1382380099
1382372690
1382371755
1382355297
1382354920
1382353787
1382348468
1382348464
1382348419
1382342157
1382340700
1382340394
1382325109
1382319673
1382279767
1382278999
1382278534
1382277494
1382277030
1382276458
1382276380
1382276252
1382197122
1382197062
1382196958
1382196391
1382196126
1382195127
1382193511
1382193467
1382192034
1382191550
1382191385
1382190427
1382190318
1382185151
1382185151
1382185151
1382182362
1382178760
1382175118
1382169276
1382166317
1382164254
1382164154
1382162917
1382162409
1382161565
1382160377
1382159808
1382158972
1382145880
1382115423
1382110612
1382109001
1382099073
1382098087
1382096376
1382096192
1382095979
1382095538
1382094728
1382094581
1382094347
1382093604
1382092676
1382094347
1382093604
1382092676
1382091412
1382091178
1382090020
1382089257
1382088165
1382087716
1382087258
1382087000
1382086645
1382086103
1382085442
1382083893
1382083649
1382083301
1382077820
1382075979
1382074775
1382072824
1382072269
1382060421
1382060347
1382060305
1382060200
1382056133
1382053403
1382042240
1382034621
1382033115
1382011774
1382004356
1382002525
1381998025
1381996722
1381993887
1381991986
1381978728
1381952741
1381941611
1381926295
1381925363
1381924069
1381922373
1381921717
1381921379
1381920693
1381920631
1381920118
1381918834
1381915832
1381915052
1381913225
1381912788
1381911960
1381909627
1381904617
1381903260
1381902600
1381902265
1381901356
1381901269
1381900681
1381899293
1381899168
1381896312
1381895962
1381878113
1381874740
1381874686
1381864525
1381862202
1381839431
1381838030
1381837161
1381832146
1381832130
1381830192
1381828444
1381828307
1381827550
1381825854
1381821822
1381821066
1381820140
1381819288
1381819226
1381817837
1381817570
1381816154
1381810214
1381764079
1381762523
1381758889
1381757548
1381757467
1381753207
1381752395
1381744611
1381742656
1381742208
1381742208
1381742040
1381734930
1381731912
1381730584
1381730503
1381728384
1381579874
1381578187
1381577596
1381577236
1381575457
1381574037
1381572928
1381572667
1381570480
1381569913
1381569702
1381568521
1381568300
1381559156
1381515115
1381501720
1381501373
1381491450
1381488320
1381485506
1381485094
1381484411
1381484299
1381484170
1381483657
1381483583
1381482893
1381482450
1381481703
1381475647
1381472489
1381470337
1381466880
1381465475
1381462934
1381462513
1381410229
1381408792
1381408140
1381407780
1381406967
1381404890
1381404612
1381404326
1381403521
1381401730
1381400841
1381400684
1381400046
1381399081
1381398507
1381396693
1381395894
1381395241
1381395202
1381392784
1381392492
1381391847
1381389488
1381388474
1381386298
1381384875
1381382729
1381382542
1381375551
1381352340
1381341464
1381341184
1381339575
1381324960
1381320847
1381314035
1381313343
1381309326
1381294597
1381294288
1381294254
1381294214
1381291048
1381287680
1381277305
1381272619
1381267330
1381257317
1381257141
1381257072
1381256957
1381256858
1381237945
1381217452
1381216778
1381216778
1381216657
1381216084
1381210262
1381203922
1381203333
1381202146
1381188450
1381161488
1381150328
1381147750
1381144843
1381138764
1381136994
1381133529
1381119669
1381117703
1381024223
1380958127
1380951607
1380950817
1380922181
1380885952
1380860424
1380857478
1380855902
1380831852
1380829436
1380816028
1380807036
1380775117
1380774022
1380772994
1380771785
1380771262
1380769831
1380758360
1380757379
1380744782
1380734655
1380731611
1380723141
1380721191
1380716745
1380712397
1380705652
1380696949
1380689274
1380689116
1380688789
1380685974
1380685457
1380685043
1380684931
1380682809
1380670598
1380664595
1380622877
1380619120
1380611159
1380597647
1380596820
1380596444
1380577630
1380565865
1380510671
1380498873
1380313588
1380288889
1380258326
1380258073
1380255016
1380232736
1380232736
1380229815
1380215823
1380198192
1380187204
1380169123
1380166824
1380165538
1380162154
1380145234
1380128505
1380127585
1380112483
1380084786
1380081582
1380081240
1380079601
1380055182
1380036330
1380035845
1380016814
1380016332
1380001228
1379997763
1379960576
1379940706
1379938512
1379921255
1379911027
1379908426
1379908141
1379907482
1379906929
1379829030
1379711251
1379690728
1379673518
1379649086
1379646843
1379646291
1379612650
1379567208
1379564644
1379563107
1379562531
1379561149
1379560272
1379526709
1379526564
1379523050
1379496679
1379477462
1379474054
1379453317
1379437692
1379437088
1379428292
1379424743
1379421675
1379414284
1379396300
1379394096
1379392732
1379388799
1379372174
1379371227
1379356006
1379354221
1379338485
1379334301
1379303180
1379300660
1379098094
1379071228
1379068539
1379066553
1379066072
1379065056
1379064818
1379055150
1379046217
1379043994
1379043511
1379041868
1379041098
1379037174
1379007397
1378992777
1378990256
1378960136
1378936898
1378894926
1378891511
1378848539
1378848539
1378848539
1378840645
1378839300
1378827514
1378826488
1378821036
1378819223
1378807488
1378795406
1378784285
1378764638
1378753542
1378751587
1378751178
1378736816
1378702046
1378698316
1378602703
1378586384
1378565737
1378471332
1378437906
1378401439
1378400558
1378400544
1378387768
1378384429
1378383834
1378373748
1378358776
1378355414
1378353676
1378352738
1378332966
1378317669
1378306760
1378295113
1378272950
1378271439
1378270098
1378269762
1378267697
1378265943
1378262785
1378259831
1378231929
1378231871
1378222324
1378222289
1378175104
1378149957
1378138904
1378104484
1378101092
1378097519
1378092081
1378091451
1377857541
1377835949
1377834079
1377833406
1377832235
1377812475
1377757695
1377751023
1377750374
1377725057
1377712755
1377711644
1377703050
1377701771
1377700889
1377698099
1377666644
1377640981
1377640885
1377623453
1377622691
1377607497
1377606941
1377606575
1377599526
1377584820
1377579539
1377577023
1377536691
1377491048
1377486745
1377425166
1377425118
1377425062
1377367659
1377367659
1377366900
1377366900
1377366900
1377363308
1377362960
1377356583
1377355774
1377350884
1377349902
1377349386
1377347661
1377300670
1377297622
1377293178
1377279461
1377271905
1377232179
1377230602
1377230346
1377203816
1377200481
1377192396
1377191616
1377171280
1377140661
1377140661
1377123954
1377111166
1377104813
1377085933
1377085548
1377084244
1377080747
1377055039
1377054732
1377031809
1377031205
1377030940
1377029764
1377029680
1377029406
1377029210
1376991392
1376981369
1376977430
1376976861
1376971041
1376970481
1376964350
1376946669
1376915336
1376881961
1376880777
1376662926
1376660342
1376622512
1376602441
1376601233
1376599745
1376598549
1376592858
1376588610
1376588336
1376558532
1376539440
1376536226
1376513989
1376503274
1376457380
1376455394
1376455387
1376453013
1376451233
1376425879
1376422981
1376421403
1376417558
1376417491
1376417325
1376367288
1376364480
1376362670
1376361722
1376343445
1376331762
1376329853
1376281984
1376281781
1376278539
1376276740
1376145764
1376079145
1376058306
1376058202
1376057342
1376047993
1376019512
1376016641
1375991270
1375955505
1375936342
1375936022
1375935805
1375933001
1375898353
1375895608
1375889883
1375885565
1375875754
1375810795
1375795841
1375790961
1375764913
1375724468
1375723371
1375722521
1375703653
1375673565
1375672022
1375465397
1375464775
1375457164
1375415824
1375415733
1375413292
1375412209
1375411128
1375376219
1375334250
1375329725
1375329301
1375328578
1375327935
1375314777
1375314777
1375295777
1375294187
1375288740
1375282485
